6784248961582772160294439719539443048960266255757
86
123
12
156
99
5699
2250
1473
1
73180
3003131313
13131234567
258731044503100
32123123
1711
210
21042
35779
2010
13
1234568
7785
8511
1671234
503
1
1992
4512345
13123456
8300
421
1231162534
0729
00
628699
1
617
1
6179509
123
14
12311
25875271
8
123123
12
1
112
2020
11
2001
132411
1
258760901
1230123
821995
991
123
7169
16645
82799
1387
101
181411
54321
3801
98413
321
2479000
11111
1
1
14335
3
50526
352235
831
1
12123
0713
131234
123
888888
1234
33
123471652163203823786084467648
459812345
97
1979
1312
197912
1
815
2588026
9642
12
7129789
31450518
6912
20413
12341122
345
200021997
2177
15216
5
2104
84832203296956855951701
6782091380508681717
24
2588457158750
0722168296
08123
7
978
345
4
234
789700
345
1234
345
247764920871784498786091209666196318104329368542386490038
12345
123
32345
99999999999999999999999999999999345
120120
345
12
1895303
333301
1221
13
666345
02
345
13
3197113636154349463628023043
101
1997360
87044345
101123
12345
123
61
72753951852456
99
7
345
12345
123
321
88
84345
9093213
556655
345
234
567
19961110924622508615480422
4411
360
24
21
09
34
1259
2001
12345
1234
2015
35
0169
2123
07
89
899
150123456789
12343
1990
99994
6702001
0412
636288
11
587
123454316
1412
123069
1234539472095599215571751497
123
1002
2562
67701
1
311467
2011
1
2
123
1212
